<?xml version="1.0"?>
<opencv_storage>
<CameraMatrix type_id="opencv-matrix">
  <rows>3</rows>
  <cols>3</cols>
  <dt>d</dt>
  <data>
    2.3661060130576570e+03 0. 1.6358321152063172e+03 0.
    2.3635641953437494e+03 1.1815485114450255e+03 0. 0. 1.</data></CameraMatrix>
<Distortion type_id="opencv-matrix">
  <rows>1</rows>
  <cols>12</cols>
  <dt>d</dt>
  <data>
    1.0595501244249769e+01 3.9057307407503501e+01
    -6.4079907040767549e-03 6.9968337255915235e-03
    8.0742062356764649e+01 1.0830907643023618e+01 3.9057891962777923e+01
    8.2240121285464113e+01 -6.0797503442996913e-03
    -1.3241265405770126e-05 5.5754947035084245e-03
    -4.2803352551540948e-04</data></Distortion>
</opencv_storage>
