<?xml version="1.0"?>
<opencv_storage>
<R type_id="opencv-matrix">
  <rows>3</rows>
  <cols>3</cols>
  <dt>d</dt>
  <data>
    9.9970134628535690e-01 4.8115116595444946e-03
    -2.3959707652535592e-02 -4.6579003604392440e-03
    9.9996826680038986e-01 6.4629216656581345e-03 2.3990043757299094e-02
    -6.3493895591844682e-03 9.9969203410487806e-01</data></R>
<T type_id="opencv-matrix">
  <rows>3</rows>
  <cols>1</cols>
  <dt>d</dt>
  <data>
    -5.8097610805539518e-02 5.3971272172918350e-04
    -7.6357743629325842e-05</data></T>
<R1 type_id="opencv-matrix">
  <rows>3</rows>
  <cols>3</cols>
  <dt>d</dt>
  <data>
    9.9973214645318520e-01 -4.4860987143306875e-03
    -2.2704851165164464e-02 4.5575847168945272e-03
    9.9998481614970824e-01 3.0977236129910101e-03 2.2690609724185885e-02
    -3.2003731594039317e-03 9.9973741244488068e-01</data></R1>
<R2 type_id="opencv-matrix">
  <rows>3</rows>
  <cols>3</cols>
  <dt>d</dt>
  <data>
    9.9995598941394070e-01 -9.2893487558810672e-03
    1.3142430819691635e-03 9.2934416274036268e-03 9.9995187500148730e-01
    -3.1431868744503698e-03 -1.2849816749411216e-03
    3.1552623823204369e-03 9.9999419655385702e-01</data></R2>
<P1 type_id="opencv-matrix">
  <rows>3</rows>
  <cols>4</cols>
  <dt>d</dt>
  <data>
    2.4001653449251494e+03 0. 1.6740493774414062e+03 0. 0.
    2.4001653449251494e+03 1.1583546295166016e+03 0. 0. 0. 1. 0.</data></P1>
<P2 type_id="opencv-matrix">
  <rows>3</rows>
  <cols>4</cols>
  <dt>d</dt>
  <data>
    2.4001653449251494e+03 0. 1.6740493774414062e+03
    -1.3945000935504251e+02 0. 2.4001653449251494e+03
    1.1583546295166016e+03 0. 0. 0. 1. 0.</data></P2>
<Q type_id="opencv-matrix">
  <rows>4</rows>
  <cols>4</cols>
  <dt>d</dt>
  <data>
    1. 0. 0. -1.6740493774414062e+03 0. 1. 0. -1.1583546295166016e+03 0.
    0. 0. 2.4001653449251494e+03 0. 0. 1.7211654241013928e+01 0.</data></Q>
</opencv_storage>
