<?xml version="1.0"?>
<opencv_storage>
<CameraMatrix type_id="opencv-matrix">
  <rows>3</rows>
  <cols>3</cols>
  <dt>d</dt>
  <data>
    2.3514637954922700e+03 0. 1.6279010156971583e+03 0.
    2.3503357934366863e+03 1.1423143921806941e+03 0. 0. 1.</data></CameraMatrix>
<Distortion type_id="opencv-matrix">
  <rows>1</rows>
  <cols>12</cols>
  <dt>d</dt>
  <data>
    9.1544751338718662e+00 1.9653565223200996e+01 2.1682720844590207e-03
    -3.7066254107680336e-03 4.5009476679460910e+01
    9.3736964850610160e+00 1.9483983629485238e+01 4.6077892885253448e+01
    1.2410284030147153e-03 2.3270841304802547e-03
    -1.4291765293031686e-04 -7.4739209588205028e-04</data></Distortion>
</opencv_storage>
