<?xml version="1.0"?>
<opencv_storage>
<CameraMatrix type_id="opencv-matrix">
  <rows>3</rows>
  <cols>3</cols>
  <dt>d</dt>
  <data>
    2.3984182917287289e+03 0. 1.6962766754117376e+03 0.
    2.4017083202926151e+03 1.1483052333729706e+03 0. 0. 1.</data></CameraMatrix>
<Distortion type_id="opencv-matrix">
  <rows>1</rows>
  <cols>12</cols>
  <dt>d</dt>
  <data>
    2.5531150216604360e+01 1.3956828440684468e+01 2.1446195191062115e-03
    1.0733062810816034e-02 -9.3226982624361536e+00
    2.5974380551733351e+01 1.3736798269492347e+01
    -9.9072478429804463e+00 -1.3007331602248392e-02
    1.3159418615794165e-03 -1.2982922661190902e-03
    -8.2848231792486977e-04</data></Distortion>
</opencv_storage>
