<?xml version="1.0"?>
<opencv_storage>
<CameraMatrix type_id="opencv-matrix">
  <rows>3</rows>
  <cols>3</cols>
  <dt>d</dt>
  <data>
    2.4074443515647263e+03 0. 1.6733607460040751e+03 0.
    2.4058859871714894e+03 1.1954542758801974e+03 0. 0. 1.</data></CameraMatrix>
<Distortion type_id="opencv-matrix">
  <rows>1</rows>
  <cols>12</cols>
  <dt>d</dt>
  <data>
    1.3944190983908378e+01 -3.1315021528515988e+01
    -3.2192903967684975e-03 1.4178930061242167e-02
    7.4973779314814470e-01 1.4253231700984216e+01
    -3.2394567312416022e+01 1.6811886334493993e+00
    -1.3800662537452135e-02 -7.2719708165907041e-04
    2.6367876744048174e-03 -3.3588574374422311e-03</data></Distortion>
</opencv_storage>
