<?xml version="1.0"?>
<opencv_storage>
<R type_id="opencv-matrix">
  <rows>3</rows>
  <cols>3</cols>
  <dt>d</dt>
  <data>
    9.9997247253151644e-01 4.3204397295718098e-03
    -6.0322450007092940e-03 -4.3382334574898285e-03
    9.9998626853972317e-01 -2.9398065359864081e-03
    6.0194609122213470e-03 2.9658948976405116e-03 9.9997748452541790e-01</data></R>
<T type_id="opencv-matrix">
  <rows>3</rows>
  <cols>1</cols>
  <dt>d</dt>
  <data>
    -6.0753271645816113e-02 2.0293941916978667e-03
    -2.4666375361950767e-04</data></T>
<R1 type_id="opencv-matrix">
  <rows>3</rows>
  <cols>3</cols>
  <dt>d</dt>
  <data>
    9.9957607464518572e-01 -2.9054481973237282e-02
    -1.8729853681220855e-03 2.9051597118020998e-02
    9.9957671231702516e-01 -1.5494832620626458e-03
    1.9172119899908096e-03 1.4944131804983433e-03 9.9999704550935120e-01</data></R1>
<R2 type_id="opencv-matrix">
  <rows>3</rows>
  <cols>3</cols>
  <dt>d</dt>
  <data>
    9.9943432901467821e-01 -3.3384971168471216e-02
    4.0577933733044252e-03 3.3378755204401415e-02 9.9944150923951669e-01
    1.5900660494348169e-03 -4.1086114424138198e-03
    -1.4537225035283581e-03 9.9999050295635206e-01</data></R2>
<P1 type_id="opencv-matrix">
  <rows>3</rows>
  <cols>4</cols>
  <dt>d</dt>
  <data>
    2.5714109550320163e+03 0. 1.7065290222167971e+03 0. 0.
    2.5714109550320163e+03 1.1721506805419922e+03 0. 0. 0. 1. 0.</data></P1>
<P2 type_id="opencv-matrix">
  <rows>3</rows>
  <cols>4</cols>
  <dt>d</dt>
  <data>
    2.5714109550320163e+03 0. 1.7065290222167971e+03
    -1.5631004832313823e+02 0. 2.5714109550320163e+03
    1.1721506805419922e+03 0. 0. 0. 1. 0.</data></P2>
<Q type_id="opencv-matrix">
  <rows>4</rows>
  <cols>4</cols>
  <dt>d</dt>
  <data>
    1. 0. 0. -1.7065290222167971e+03 0. 1. 0. -1.1721506805419922e+03 0.
    0. 0. 2.5714109550320163e+03 0. 0. 1.6450707952672140e+01 0.</data></Q>
</opencv_storage>
